*******
*BEGIN*
*******
*******  DECAY CHAIN INFORMATION  ****

#.    User Data.
#.    First is the decay chain name and the number of entries.
#.    Next, the individual entries indicate the name of the isotope
#.    Next, the branch (zero considered common)
#.    Next are the branching ratios, the decay mode(s) (1-beta, 2-alpha,
#.    Finally, the half-life.
#.    You can access any point in the chain by specifying the specific isotope.
#.    Assumes secular equilibrium.

CHAIN: 1User
3
1User	  0001  1.0000   2   1e4 
2User     0001  1.0000   1   2e4
3User     0001  1.0000  -2   3e4

CHAIN: 238U
20
238U      0001  1.0000   2   1.410e+17
234Th     0001  1.0000   1   2.080e+06
234Pa     0001  1.0000   1   2.412e+05
234U      0001  1.0000   2   7.747e+12
230Th     0001  1.0000   2   2.379e+12
226Ra     0001  1.0000   2   5.049e+10
222Rn     0001  1.0000   2   1.376e+04
218Po     0001  1.0000   2   186.
214Pb     0001  1.0000   1   1608.
214Bi     0011  0.9998   1   1194.
214Po     0011  1.0000   2   1.643e-04
210Pb     0011  1.0000   1   7.037e+08
210Bi     0011  1.0000   1   4.331e+05
210Po     0011  1.0000   2   1.195e+07
214Bi     0021  0.0002   2   1194.
210Tl     0021  1.0000   1   78.
210Pb     0021  1.0000   1   7.037e+08
210Bi     0021  1.0000   1   4.331e+05
210Po     0021  1.0000   2   1.195e+07
208Pb     0001  1.0000  -2   0.

CHAIN: 232Th
13
232Th     0001  1.0000   2   4.434e+17
228Ra     0001  1.0000   1   546.
228Ac     0001  1.0000   1   1.814e+08
228Th     0001  1.0000   2   6.033e+07
224Ra     0001  1.0000   2   3.162e+05
220Rn     0001  1.0000   2   55.6
216Po     0001  1.0000   2   0.145
212Pb     0001  1.0000   1   3.830e+04
212Bi     0011  0.6406   1   2.179e+05
212Po     0011  1.0000   2   2.99e-07
212Bi     0021  0.3594   2   2.179e+05
208Tl     0021  1.0000   1   183.18
208Pb     0001  1.0000  -2   0.

CHAIN: 222Rn
14
222Rn     0001  1.0000   2   1.376e+04
218Po     0001  1.0000   2   186.
214Pb     0001  1.0000   1   1608.
214Bi     0011  0.9998   1   1194.
214Po     0011  1.0000   2   1.643e-04
210Pb     0011  1.0000   1   7.037e+08
210Bi     0011  1.0000   1   4.331e+05
210Po     0011  1.0000   2   1.195e+07
214Bi     0021  0.0002   2   1194.
210Tl     0021  1.0000   1   78.
210Pb     0021  1.0000   1   7.037e+08
210Bi     0021  1.0000   1   4.331e+05
210Po     0021  1.0000   2   1.195e+07
208Pb     0001  1.0000  -2   0.


CHAIN: 40K
2
40K       0001  1.0000   1   4.030e+16
40Ar      0001  1.0000  -2   0.


*******  BETA DECAY INFORMATION  ****

#.    User Data.
#.    The first 3 entries are Z and A for the daughter nucleus and halflife (s)
#.    Each line begins with the probability for the branch + all previous
#.    The next column is the beta type (0=allowed,1=1st forb., so forth)
#.    The next column is the beta endpoint
#.    The next column is the number of gammas (up to 6)
#.    The succeeding columns list the gamma energies
#.    The list of energies must be padded with zeros to six columns
#.    The final three numbers are the coefficients for the beta
#.     decay shape factor.  Leave them as zeroes unless you know
#.     what you're doing.

DECAY: 2User
130 300 2e4
0.5000   4  0.001   1  2.0000 0.0 0. 0. 0. 0. 0. 0. 0.
1.0001   4  1.000   0  0.     0.0 0. 0. 0. 0. 0. 0. 0.

DECAY: 39Ar
19 39 8.48e+9
1.00001 1 0.565 0 0.0 0.0 0.0 0.0 0.0 0.0 0 0 0

DECAY: 60Co
28 60 1.66e+8
0.00080 0 0.3179 1 1.33 0. 0. 0. 0. 0. 0. 0. 0. 
1.00001 0 0.3179 2 1.17 1.33 0. 0. 0. 0. 0. 0. 0. 

DECAY: 90Sr
39 90 9.183e+8
1.00001 0 0.546 0 0. 0. 0. 0. 0. 0. 0. 0. 0.

DECAY: 208Tl 
82 208   183.18
0.000521 1  0.5115  3  1.2828 0.5831 2.6146 0.     0.     0. 0. 0. 0.
0.000691 1  0.6091  3  1.1852 0.5831 2.6146 0.     0.     0. 0. 0. 0.
0.000713 1  0.6336  2  1.7438 2.6146 0.     0.     0.     0. 0. 0. 0.
0.000821 1  0.6336  3  1.1607 0.5831 2.6146 0.     0.     0. 0. 0. 0.
0.001015 1  0.6336  3  0.8834 0.8604 2.6146 0.     0.     0. 0. 0. 0.
0.001123 1  0.6336  4  0.8834 0.2773 0.5831 2.6146 0.     0. 0. 0. 0.
0.001385 1  0.6958  3  0.8212 0.8604 2.6146 0.     0.     0. 0. 0. 0.
0.001533 1  0.6958  4  0.8212 0.2773 0.5831 2.6146 0.     0. 0. 0. 0.
0.001540 1  0.6958  3  0.5877 1.0939 2.6146 0.     0.     0. 0. 0. 0.
0.001939 1  0.6958  4  0.5877 0.5108 0.5831 2.6146 0.     0. 0. 0. 0.
0.001943 1  0.6958  4  0.5877 0.2335 0.8604 2.6146 0.     0. 0. 0. 0.
0.001945 1  0.6958  5  0.5877 0.2335 0.2773 0.5831 2.6146 0. 0. 0. 0.
0.003928 1  0.8117  3  0.9826 0.5831 2.6146 0.     0.     0. 0. 0. 0.
0.004069 1  0.8117  3  0.7053 0.8604 2.6146 0.     0.     0. 0. 0. 0.
0.004148 1  0.8117  4  0.7053 0.2773 0.5831 2.6146 0.     0. 0. 0. 0.
0.005398 1  0.8668  3  0.9275 0.5831 2.6146 0.     0.     0. 0. 0. 0.
0.005624 1  0.8668  3  0.6502 0.8604 2.6146 0.     0.     0. 0. 0. 0.
0.005751 1  0.8668  4  0.6502 0.2773 0.5831 2.6146 0.     0. 0. 0. 0.
0.005821 1  0.9963  2  1.3811 2.6146 0.     0.     0.     0. 0. 0. 0.
0.026313 1  1.0311  3  0.7632 0.5831 2.6146 0.     0.     0. 0. 0. 0.
0.026710 1  1.0311  3  0.4859 0.8604 2.6146 0.     0.     0. 0. 0. 0.
0.026934 1  1.0311  4  0.4859 0.2773 0.5831 2.6146 0.     0. 0. 0. 0.
0.027103 1  1.0311  3  0.2524 1.0939 2.6146 0.     0.     0. 0. 0. 0.
0.036740 1  1.0311  4  0.2524 0.5108 0.5831 2.6146 0.     0. 0. 0. 0.
0.036829 1  1.0311  4  0.2524 0.2335 0.8604 2.6146 0.     0. 0. 0. 0.
0.036879 1  1.0311  5  0.2524 0.2335 0.2773 0.5831 2.6146 0. 0. 0. 0.
0.037280 1  1.0456  3  0.7487 0.5831 2.6146 0.     0.     0. 0. 0. 0.
0.040362 1  1.0721  3  0.7222 0.5831 2.6146 0.     0.     0. 0. 0. 0.
0.042909 1  1.0721  4  0.2114 0.5108 0.5831 2.6146 0.     0. 0. 0. 0.
0.042954 1  1.0721  3  0.2114 1.0939 2.6146 0.     0.     0. 0. 0. 0.
0.042978 1  1.0721  4  0.2114 0.2335 0.8604 2.6146 0.     0. 0. 0. 0.
0.042991 1  1.0721  5  0.2114 0.2335 0.2773 0.5831 2.6146 0. 0. 0. 0.
0.046873 1  1.2835  2  1.0939 2.6146 0.     0.     0.     0. 0. 0. 0.
0.268375 1  1.2835  3  0.5108 0.5831 2.6146 0.     0.     0. 0. 0. 0.
0.270422 1  1.2835  3  0.2335 0.8604 2.6146 0.     0.     0. 0. 0. 0.
0.271572 1  1.2835  4  0.2335 0.2773 0.5831 2.6146 0.     0. 0. 0. 0.
0.410668 1  1.517   2  0.8604 2.6146 0.     0.     0.     0. 0. 0. 0.
0.488909 1  1.517   3  0.2773 0.5831 2.6146 0.     0.     0. 0. 0. 0.
0.999700 1  1.7943  2  0.5831 2.6146 0.     0.     0.     0. 0. 0. 0.
1.000001 1  2.3774  1  2.6146 0.     0.     0.     0.     0. 0. 0. 0.

DECAY: 210Tl 
82 210  78.0
0.19    0  4.389  2  0.298 0.800 0.    0.    0.    0. 0. 0. 0.
0.48   12  4.209  4  0.083 0.097 0.298 0.800 0.    0. 0. 0. 0.
0.5073  1  2.417  2  2.270 0.800 0.    0.    0.    0. 0. 0. 0.
0.5333  1  2.417  3  0.860 1.410 0.800 0.    0.    0. 0. 0. 0.
0.57    1  2.417  4  0.860 1.110 0.298 0.800 0.    0. 0. 0. 0.
0.65    1  2.029  3  2.360 0.298 0.800 0.    0.    0. 0. 0. 0.
0.67    1  2.029  3  1.590 1.070 0.800 0.    0.    0. 0. 0. 0.
0.7971  1  1.863  4  2.430 0.097 0.298 0.800 0.    0. 0. 0. 0.
0.91    1  1.863  4  1.210 1.316 0.298 0.800 0.    0. 0. 0. 0.
0.98    1  1.607  3  2.010 1.070 0.800 0.    0.    0. 0. 0. 0.
0.9869  1  1.387  5  0.480 2.430 0.097 0.298 0.800 0. 0. 0. 0.
1.0001  1  1.387  5  0.480 1.210 1.316 0.298 0.800 0. 0. 0. 0.


DECAY: 212Bi
84 212  3633.
0.8758  1  2.246  0    0.      0.      0.      0.      0. 0. 0. 0. 0.
0.9459  1  1.519  1    0.7273  0.      0.      0.      0. 0. 0. 0. 0.
0.9701  1  0.625  1    1.6206  0.      0.      0.      0. 0. 0. 0. 0.
0.9887  1  0.733  2    0.7855  0.7273  0.      0.      0. 0. 0. 0. 0.
0.9948  1  0.625  2    0.8934  0.7273  0.      0.      0. 0. 0. 0. 0.
1.0001  1  0.733  1    1.513   0.      0.      0.      0. 0. 0. 0. 0.
 

DECAY: 214Bi
84 214  1194.
0.178417 1  3.27    0    0.      0.      0.      0.      0. 0. 0. 0. 0.
0.178587 1  1.1222  1    2.1478  0.      0.      0.      0. 0. 0. 0. 0.
0.182679 1  1.1222  2    1.5385  0.60931 0.      0.      0. 0. 0. 0. 0.
0.194613 1  1.15145 1    2.11855 0.      0.      0.      0. 0. 0. 0. 0.
0.216350 1  1.15145 2    1.50924 0.60931 0.      0.      0. 0. 0. 0. 0.
0.217381 1  1.15145 2    0.70307 1.41548 0.      0.      0. 0. 0. 0. 0.
0.221038 1  1.15145 3    0.70307 0.80617 0.60931 0.      0. 0. 0. 0. 0.
0.221728 1  1.15145 2    0.38894 1.72961 0.      0.      0. 0. 0. 0. 0.
0.225223 1  1.15145 3    0.38894 1.1203  0.60931 0.      0. 0. 0. 0. 0.
0.225889 1  1.1815  2    1.47919 0.60931 0.      0.      0. 0. 0. 0. 0.
0.226215 1  1.1815  2    0.71082 1.37768 0.      0.      0. 0. 0. 0. 0.
0.226611 1  1.1815  3    0.71082 0.76837 0.60931 0.      0. 0. 0. 0. 0.
0.251391 1  1.2527  2    1.40799 0.60931 0.      0.      0. 0. 0. 0. 0.
0.251882 1  1.25918 1    2.01082 0.      0.      0.      0. 0. 0. 0. 0.
0.265709 1  1.25918 2    1.40151 0.60931 0.      0.      0. 0. 0. 0. 0.
0.266036 1  1.25918 3    0.63314 0.76837 0.60931 0.      0. 0. 0. 0. 0.
0.266304 1  1.25918 2    0.63314 1.37768 0.      0.      0. 0. 0. 0. 0.
0.274154 2  1.27537 2    1.38532 0.60931 0.      0.      0. 0. 0. 0. 0.
0.278198 2  1.27537 3    0.71986 0.66546 0.60931 0.      0. 0. 0. 0. 0.
0.279150 1  1.37972 1    1.89028 0.      0.      0.      0. 0. 0. 0. 0.
0.294058 1  1.37972 2    1.28097 0.60931 0.      0.      0. 0. 0. 0. 0.
0.315036 1  1.42256 1    1.84744 0.      0.      0.      0. 0. 0. 0. 0.
0.374271 1  1.42256 2    1.23813 0.60931 0.      0.      0. 0. 0. 0. 0.
0.375093 1  1.42256 3    0.57267 0.66546 0.60931 0.      0. 0. 0. 0. 0.
0.375817 1  1.42256 3    0.46976 0.76837 0.60931 0.      0. 0. 0. 0. 0.
0.376410 1  1.42256 2    0.46976 1.37768 0.      0.      0. 0. 0. 0. 0.
0.535201 1  1.50549 1    1.76451 0.      0.      0.      0. 0. 0. 0. 0.
0.552150 1  1.50549 2    1.1552  0.60931 0.      0.      0. 0. 0. 0. 0.
0.553756 1  1.50549 2    0.38683 1.37768 0.      0.      0. 0. 0. 0. 0.
0.555719 1  1.50549 3    0.38683 0.76837 0.60931 0.      0. 0. 0. 0. 0.
0.558296 1  1.52702 2    1.13367 0.60931 0.      0.      0. 0. 0. 0. 0.
0.587199 1  1.54039 1    1.72961 0.      0.      0.      0. 0. 0. 0. 0.
0.733501 1  1.54039 2    1.1203  0.60931 0.      0.      0. 0. 0. 0. 0.
0.736534 1  1.54039 3    0.45484 0.66546 0.60931 0.      0. 0. 0. 0. 0.
0.744051 1  1.60874 1    1.66216 0.      0.      0.      0. 0. 0. 0. 0.
0.746050 1  1.60874 2    1.05195 0.60931 0.      0.      0. 0. 0. 0. 0.
0.749321 1  1.72663 1    1.54337 0.      0.      0.      0. 0. 0. 0. 0.
0.778759 1  1.72663 2    0.93406 0.60931 0.      0.      0. 0. 0. 0. 0.
0.780940 1  1.85452 1    1.41548 0.      0.      0.      0. 0. 0. 0. 0.
0.788671 1  1.85452 2    0.80617 0.60931 0.      0.      0. 0. 0. 0. 0.
0.822571 1  1.89232 1    1.37768 0.      0.      0.      0. 0. 0. 0. 0.
0.864003 1  1.89232 2    0.76837 0.60931 0.      0.      0. 0. 0. 0. 0.
0.866084 2  1.99523 2    0.66546 0.60931 0.      0.      0. 0. 0. 0. 0.
0.875996 1  2.66069 1    0.60931 0.      0.      0.      0. 0. 0. 0. 0.
0.876690 1  0.6077  2    2.05299 0.60931 0.      0.      0. 0. 0. 0. 0.
0.876700 1  0.6389  1    2.6311  0.      0.      0.      0. 0. 0. 0. 0.
0.876889 1  0.6389  2    2.02179 0.60931 0.      0.      0. 0. 0. 0. 0.
0.877394 1  0.7249  2    1.93579 0.60931 0.      0.      0. 0. 0. 0. 0.
0.878026 1  0.7617  2    1.89899 0.60931 0.      0.      0. 0. 0. 0. 0.
0.878484 1  0.7617  3    1.23353 0.66546 0.60931 0.      0. 0. 0. 0. 0.
0.878542 1  0.7644  1    2.5056  0.      0.      0.      0. 0. 0. 0. 0.
0.880266 1  0.7644  2    1.89629 0.60931 0.      0.      0. 0. 0. 0. 0.
0.880465 1  0.7644  3    1.23083 0.66546 0.60931 0.      0. 0. 0. 0. 0.
0.880485 1  0.78754 1    2.48246 0.      0.      0.      0. 0. 0. 0. 0.
0.882665 1  0.78754 2    1.87315 0.60931 0.      0.      0. 0. 0. 0. 0.
0.887027 1  0.78754 3    1.20769 0.66546 0.60931 0.      0. 0. 0. 0. 0.
0.888123 1  0.78754 2    0.82118 1.66128 0.      0.      0. 0. 0. 0. 0.
0.888414 1  0.78754 2    0.82118 1.05197 0.60931 0.      0. 0. 0. 0. 0.
0.888607 1  0.78754 2    0.75285 1.72961 0.      0.      0. 0. 0. 0. 0.
0.889582 1  0.78754 3    0.75285 1.1203  0.60931 0.      0. 0. 0. 0. 0.
0.889602 1  0.78754 4    0.75285 0.45484 0.66546 0.60931 0. 0. 0. 0. 0.
0.904886 0  0.82228 1    2.44772 0.      0.      0.      0. 0. 0. 0. 0.
0.908752 0  0.82228 2    1.83841 0.60931 0.      0.      0. 0. 0. 0. 0.
0.910001 0  0.82228 2    1.07004 1.37768 0.      0.      0. 0. 0. 0. 0.
0.910556 0  0.82228 3    1.1731  0.6655  0.60931 0.      0. 0. 0. 0. 0.
0.912082 0  0.82228 3    1.07004 0.76837 0.60931 0.      0. 0. 0. 0. 0.
0.912266 0  0.82228 2    1.03224 1.41548 0.      0.      0. 0. 0. 0. 0.
0.912915 0  0.82228 2    1.03224 0.80617 0.60931 0.      0. 0. 0. 0. 0.
0.913020 0  0.82228 2    0.90435 1.54337 0.      0.      0. 0. 0. 0. 0.
0.913970 0  0.82228 3    0.90435 0.93406 0.60931 0.      0. 0. 0. 0. 0.
0.916381 0  0.82228 2    0.78644 1.66128 0.      0.      0. 0. 0. 0. 0.
0.917022 0  0.82228 3    0.78644 1.05197 0.60931 0.      0. 0. 0. 0. 0.
0.917081 1  0.8467  1    2.4233  0.      0.      0.      0. 0. 0. 0. 0.
0.917201 1  0.8467  2    1.81399 0.60931 0.      0.      0. 0. 0. 0. 0.
0.920420 1  0.97608 1    2.29332 0.      0.      0.      0. 0. 0. 0. 0.
0.922752 1  0.97608 2    1.68401 0.60931 0.      0.      0. 0. 0. 0. 0.
0.922932 1  1.0033  1    2.2667  0.      0.      0.      0. 0. 0. 0. 0.
0.923681 1  1.0033  2    1.65739 0.60931 0.      0.      0. 0. 0. 0. 0.
0.923727 1  1.0033  2    0.72333 1.54337 0.      0.      0. 0. 0. 0. 0.
0.924139 1  1.0033  3    0.72333 0.93406 0.60931 0.      0. 0. 0. 0. 0.
0.927410 1  1.0634  2    1.59729 0.60931 0.      0.      0. 0. 0. 0. 0.
0.975930 1  1.0659  1    2.20409 0.      0.      0.      0. 0. 0. 0. 0.
0.978492 1  1.0659  2    1.59478 0.60931 0.      0.      0. 0. 0. 0. 0.
0.978909 1  1.0659  2    0.82641 1.37768 0.      0.      0. 0. 0. 0. 0.
0.979419 1  1.0659  3    0.82641 0.76837 0.60931 0.      0. 0. 0. 0. 0.
0.979462 1  1.0659  2    0.66072 1.54337 0.      0.      0. 0. 0. 0. 0.
0.979855 1  1.0659  3    0.66072 0.93406 0.60931 0.      0. 0. 0. 0. 0.
0.980501 1  1.0659  2    0.54129 1.66128 0.      0.      0. 0. 0. 0. 0.
0.980673 1  1.0659  3    0.54129 1.05197 0.60931 0.      0. 0. 0. 0. 0.
0.980858 1  1.0659  2    0.47448 1.72961 0.      0.      0. 0. 0. 0. 0.
0.981797 1  1.0659  3    0.47448 1.1203  0.60931 0.      0. 0. 0. 0. 0.
0.981816 1  1.0659  4    0.47448 0.45484 0.66546 0.60931 0. 0. 0. 0. 0.
0.982427 1  1.07744 1    2.19256 0.      0.      0.      0. 0. 0. 0. 0.
0.989579 1  1.07744 2    1.58325 0.60931 0.      0.      0. 0. 0. 0. 0.
0.989776 1  1.07744 2    0.81488 1.37768 0.      0.      0. 0. 0. 0. 0.
0.990016 1  1.07744 3    0.81488 0.76837 0.60931 0.      0. 0. 0. 0. 0.
0.990077 1  1.07744 2    0.64919 1.54337 0.      0.      0. 0. 0. 0. 0.
0.990626 1  1.07744 3    0.64919 0.93406 0.60931 0.      0. 0. 0. 0. 0.
0.990641 1  0.0864  1    3.1836  0.      0.      0.      0. 0. 0. 0. 0.
0.990657 1  0.1274  1    3.1426  0.      0.      0.      0. 0. 0. 0. 0.
0.990700 1  0.1883  1    3.0817  0.      0.      0.      0. 0. 0. 0. 0.
0.990928 1  0.2161  1    3.0539  0.      0.      0.      0. 0. 0. 0. 0.
0.991017 1  0.27    1    3.00    0.      0.      0.      0. 0. 0. 0. 0.
0.991165 1  0.2912  1    2.9788  0.      0.      0.      0. 0. 0. 0. 0.
0.991181 1  0.3294  1    2.9406  0.      0.      0.      0. 0. 0. 0. 0.
0.991393 1  0.3294  1    2.33129 0.60931 0.      0.      0. 0. 0. 0. 0.
0.991552 1  0.3479  1    2.9221  0.      0.      0.      0. 0. 0. 0. 0.
0.991615 1  0.3764  1    2.8936  0.      0.      0.      0. 0. 0. 0. 0.
0.991707 1  0.3896  1    2.8804  0.      0.      0.      0. 0. 0. 0. 0.
0.991731 1  0.443   1    2.827   0.      0.      0.      0. 0. 0. 0. 0.
0.991791 1  0.4839  1    2.7861  0.      0.      0.      0. 0. 0. 0. 0.
0.992049 1  0.5     1    2.77    0.      0.      0.      0. 0. 0. 0. 0.
0.992274 1  0.54141 2    1.06731 1.66128 0.      0.      0. 0. 0. 0. 0.
0.992333 1  0.54141 3    1.06731 1.05197 0.60931 0.      0. 0. 0. 0. 0.
0.995696 1  0.54141 2    0.96408 1.76451 0.      0.      0. 0. 0. 0. 0.
0.996055 1  0.54141 3    0.96408 1.1552  0.60931 0.      0. 0. 0. 0. 0.
0.996089 1  0.54141 3    0.96408 0.38683 1.37768 0.      0. 0. 0. 0. 0.
0.996130 1  0.54141 4    0.96408 0.38683 0.76837 0.60931 0. 0. 0. 0. 0.
0.996147 1  0.5507  1    2.7193  0.      0.      0.      0. 0. 0. 0. 0.
0.997021 1  0.5507  2    2.10999 0.60931 0.      0.      0. 0. 0. 0. 0.
0.997286 1  0.5507  2    1.30382 1.41548 0.      0.      0. 0. 0. 0. 0.
0.998228 1  0.5507  3    1.30382 0.80617 0.60931 0.      0. 0. 0. 0. 0.
0.998258 1  0.571   1    2.699   0.      0.      0.      0. 0. 0. 0. 0.
0.998823 1  0.571   2    2.08969 0.60931 0.      0.      0. 0. 0. 0. 0.
0.999144 1  0.5753  1    2.6947  0.      0.      0.      0. 0. 0. 0. 0.
0.999529 1  0.5753  2    1.31702 1.37768 0.      0.      0. 0. 0. 0. 0.
1.000001 1  0.5753  3    1.31702 0.76837 0.60931 0.      0. 0. 0. 0. 0.
 
DECAY: 40K
20 40   4.0299e+16
0.1040   4  0.001   1  1.4608 0.0 0. 0. 0. 0. 0. 0. 0.
1.0001   4  1.3116  0  0.     0. 0. 0. 0. 0. 0. 0. 0.

 
DECAY: 16N
8 16    7.13
0.26    12  10.4187 0 0.     0.     0. 0. 0. 0. 0. 0. 0.
0.94     0   4.2883 1 6.1304 0.     0. 0. 0. 0. 0. 0. 0.
0.989    0   3.3018 1 7.1169 0.     0. 0. 0. 0. 0. 0. 0.
0.98977  0   1.5468 1 8.8719 0.     0. 0. 0. 0. 0. 0. 0.
0.99813  0   1.5468 2 2.7415 6.1304 0. 0. 0. 0. 0. 0. 0.
0.99857  0   1.5468 2 1.9529 6.9190 0. 0. 0. 0. 0. 0. 0.
1.0001   0   1.5468 2 1.7550 7.1169 0. 0. 0. 0. 0. 0. 0.

DECAY: 36Cl
18 36   9.4988e+12
1.0001   2   0.7096 0 0. 0. 0. 0. 0. 0. 1.75 0. 0.

DECAY: 24Na
12 24   3.229e+06
1.0001   0   1.3902 2 2.7542 1.3686 0. 0. 0. 0. 0. 0. 0.

DECAY: 12B
6 12    0.0202
0.9713   1  13.3695 0 0.     0. 0. 0. 0. 0. 0.0027 0. 0.
0.9863   1   5.7155 0 0.     0. 0. 0. 0. 0. 0.     0. 0.
0.9992   1   8.9304 1 4.4391 0. 0. 0. 0. 0. 0.     0. 0.
1.0001   1   3.0695 0 0.     0. 0. 0. 0. 0. 0.     0. 0.

DECAY: 12N
-6 12   0.0110
0.943944 1  16.3160 0 0.     0.     0. 0. 0. 0. -0.0026 0. 0.
0.964965 0  11.8769 1 4.4391 0.     0. 0. 0. 0.  0.     0. 0.
0.991992 0   8.6620 0 0.     0.     0. 0. 0. 0.  0.     0. 0.
0.996997 0   6.0160 0 0.     0.     0. 0. 0. 0.  0.     0. 0.
0.999934 0   3.6060 1 2.41   0.     0. 0. 0. 0.  0.     0. 0.
0.999991 0   3.6060 1 12.71  0.     0. 0. 0. 0.  0.     0. 0.
1.0001   0   3.6060 2 4.4391 8.2709 0. 0. 0. 0.  0.     0. 0.

DECAY: 212Pb
83 212  3.8304e+04
0.12    1    0.5728 0 0.     0.     0. 0. 0. 0. 0. 0. 0.
0.95    1    0.3342 1 0.2386 0.     0. 0. 0. 0. 0. 0. 0.
0.95025 1    0.1575 1 0.4152 0.     0. 0. 0. 0. 0. 0. 0.
0.99925 1    0.1575 2 0.3001 0.1152 0. 0. 0. 0. 0. 0. 0.
1.0001  1    0.1575 2 0.1767 0.2386 0. 0. 0. 0. 0. 0. 0.

DECAY: 210Bi
84 210  4.33e+05
1.0001  1    1.1614 0 0. 0. 0. 0. 0. 0. 0.578 28.466 -0.658


DECAY: 210Pb
83 210  7.037e+08
0.19    1    0.0630 0 0.     0. 0. 0. 0. 0. 0. 0. 0.
1.0001  1    0.0165 1 0.0465 0. 0. 0. 0. 0. 0. 0. 0.

DECAY: 214Pb
83 214  1608.
0.06314 1    1.0240 0 0.     0.     0.     0. 0. 0. 0. 0. 0.
0.36201 1    0.7288 1 0.2952 0.     0.     0. 0. 0. 0. 0. 0.
0.48409 1    0.7288 2 0.2420 0.0532 0.     0. 0. 0. 0. 0. 0.
0.96517 1    0.6721 1 0.3519 0.     0.     0. 0. 0. 0. 0. 0.
0.96659 1    0.4904 1 0.5336 0.     0.     0. 0. 0. 0. 0. 0.
0.96942 1    0.4904 2 0.4804 0.0532 0.     0. 0. 0. 0. 0. 0.
0.97519 1    0.4904 2 0.2748 0.2588 0.     0. 0. 0. 0. 0. 0.
0.98171 0    0.1849 1 0.8391 0.     0.     0. 0. 0. 0. 0. 0.
0.99148 0    0.1849 2 0.7859 0.0532 0.     0. 0. 0. 0. 0. 0.
0.99549 0    0.1849 2 0.5803 0.2588 0.     0. 0. 0. 0. 0. 0.
0.99602 0    0.1849 2 0.5439 0.2952 0.     0. 0. 0. 0. 0. 0.
0.99624 0    0.1849 3 0.5439 0.2420 0.0532 0. 0. 0. 0. 0. 0.
1.00001 0    0.1849 2 0.4872 0.3519 0.     0. 0. 0. 0. 0. 0.

DECAY: 234Th
91 234  2.08e+06
0.725   1    0.1961 0 0.     0.     0.     0. 0. 0. 0. 0. 0.
0.8974  1    0.1037 1 0.0924 0.     0.     0. 0. 0. 0. 0. 0.
0.903   1    0.1037 2 0.0629 0.0295 0.     0. 0. 0. 0. 0. 0.
0.9254  0    0.1033 1 0.0928 0.     0.     0. 0. 0. 0. 0. 0.
0.974   0    0.1033 2 0.0633 0.0295 0.     0. 0. 0. 0. 0. 0.
0.9772  0    0.0833 1 0.1128 0.     0.     0. 0. 0. 0. 0. 0.
0.9781  0    0.0833 2 0.0833 0.0295 0.     0. 0. 0. 0. 0. 0.
0.9850  0    0.0833 2 0.0200 0.0928 0.     0. 0. 0. 0. 0. 0.
1.0001  0    0.0833 3 0.0200 0.0633 0.0295 0. 0. 0. 0. 0. 0.

DECAY: 228Ra
89 228  1.8145e+08
0.4     1    0.0146 2 0.0150 0.0160 0. 0. 0. 0. 0. 0. 0.
1.0001  1    0.0389 1 0.0067 0.     0. 0. 0. 0. 0. 0. 0.

DECAY: 234Pa
92 234  2.412e+05
1.0001  1    2.287 0 0. 0. 0. 0. 0. 0. 0. 0. 0.

DECAY: 56Co
26 56   6.673e+06
0.20767  0  0.01  2  2.5984  0.8468  0.0000  0.0000 0. 0. 0. 0. 0. 
0.40644  0  0.01  3  1.7715  1.2383  0.8468  0.0000 0. 0. 0. 0. 0.
0.53235  0  0.01  3  1.0378  1.2383  0.8468  0.0000 0. 0. 0. 0. 0.
0.63129  0  0.01  3  2.0349  1.2383  0.8468  0.0000 0. 0. 0. 0. 0.
0.72346  0  0.01  2  3.2536  0.8468  0.0000  0.0000 0. 0. 0. 0. 0.
0.77697  0  0.01  3  1.3602  1.2383  0.8468  0.0000 0. 0. 0. 0. 0.
0.81553  0  0.01  3  2.0154  1.2383  0.8468  0.0000 0. 0. 0. 0. 0.
0.85329  0  0.01  2  3.2023  0.8468  0.0000  0.0000 0. 0. 0. 0. 0.
0.88097  0  0.01  4  1.1751  1.0378  1.2383  0.8468 0. 0. 0. 0. 0.
0.90707  0  0.01  2  1.2383  0.8468  0.0000  0.0000 0. 0. 0. 0. 0.
0.92903  0  0.01  2  3.2733  0.8468  0.0000  0.0000 0. 0. 0. 0. 0.
0.94687  0  0.01  4  0.9775  1.0378  1.2383  0.8468 0. 0. 0. 0. 0.
0.95941  0  0.01  2  3.0102  0.8468  0.0000  0.0000 0. 0. 0. 0. 0.
0.97009  0  0.01  2  3.4516  0.8468  0.0000  0.0000 0. 0. 0. 0. 0.
0.97901  0  0.01  3  1.9639  1.2383  0.8468  0.0000 0. 0. 0. 0. 0.
0.98319  0  0.01  3  2.2131  1.2383  0.8468  0.0000 0. 0. 0. 0. 0.
0.98685  0  0.01  3  0.7879  1.8107  0.8468  0.0000 0. 0. 0. 0. 0.
0.98942  0  0.01  4  0.7337  1.0378  1.2383  0.8468 0. 0. 0. 0. 0.
0.99182  0  0.01  3  1.4427  1.8107  0.8468  0.0000 0. 0. 0. 0. 0.
0.99363  0  0.01  3  1.1403  2.1131  0.8468  0.0000 0. 0. 0. 0. 0.
0.99485  0  0.01  3  1.1600  2.1131  0.8468  0.0000 0. 0. 0. 0. 0.
0.99605  0  0.01  4  0.9973  1.0378  1.2383  0.8468 0. 0. 0. 0. 0.
0.99704  0  0.01  2  2.2763  0.8468  0.0000  0.0000 0. 0  0. 0. 0.
0.99801  0  0.01  3  1.4623  1.8107  0.8468  0.0000 0. 0. 0. 0. 0.
0.99873  0  0.01  3  1.6405  1.8107  0.8468  0.0000 0. 0. 0. 0. 0.
0.99933  0  0.01  3  1.0890  2.1131  0.8468  0.0000 0. 0. 0. 0. 0.
0.99955  0  0.01  3  1.1751  2.2763  0.8468  0.0000 0. 0. 0. 0. 0.
0.99968  0  0.01  3  0.9775  2.2763  0.8468  0.0000 0. 0. 0. 0. 0.
0.99975  0  0.01  2  0.7879  2.6574  0.0000  0.0000 0. 0. 0. 0. 0.
0.99981  0  0.01  2  1.4427  2.6574  0.0000  0.0000 0. 0. 0. 0. 0.
0.99985  0  0.01  4  0.2634  1.7715  1.2383  0.8468 0. 0. 0. 0. 0.
0.99988  0  0.01  2  1.4623  2.6574  0.0000  0.0000 0. 0. 0. 0. 0.
0.99991  0  0.01  2  1.1600  2.9598  0.0000  0.0000 0. 0. 0. 0. 0.
0.99994  0  0.01  2  1.1403  2.9598  0.0000  0.0000 0. 0. 0. 0. 0.
0.99996  0  0.01  2  1.6405  2.6574  0.0000  0.0000 0. 0. 0. 0. 0.
0.99998  0  0.01  3  0.7337  2.2763  0.8468  0.0000 0. 0. 0. 0. 0.
0.99999  0  0.01  3  0.9973  2.2763  0.8468  0.0000 0. 0. 0. 0. 0.
1.00001  0  0.01  2  1.0890  2.9598  0.0000  0.0000 0. 0. 0. 0. 0. 

DECAY: 56Co (EC)
-26 56   6.673e+06
1.00001  0  0.948  2  1.2383  0.8468  0.0000  0.0000 0. 0. 0. 0. 0. 

DECAY: 8Li
4  8  0.838
 0.000001  0 15.797 0 0. 0. 0. 0. 0. 0. 0. 0. 0.
 0.000005  0 15.697 0 0. 0. 0. 0. 0. 0. 0. 0. 0.
 0.000018  0 15.597 0 0. 0. 0. 0. 0. 0. 0. 0. 0.
 0.000051  0 15.497 0 0. 0. 0. 0. 0. 0. 0. 0. 0.
 0.000120  0 15.397 0 0. 0. 0. 0. 0. 0. 0. 0. 0.
 0.000248  0 15.297 0 0. 0. 0. 0. 0. 0. 0. 0. 0.
 0.000466  0 15.197 0 0. 0. 0. 0. 0. 0. 0. 0. 0.
 0.000815  0 15.097 0 0. 0. 0. 0. 0. 0. 0. 0. 0.
 0.001348  0 14.997 0 0. 0. 0. 0. 0. 0. 0. 0. 0.
 0.002132  0 14.897 0 0. 0. 0. 0. 0. 0. 0. 0. 0.
 0.003254  0 14.797 0 0. 0. 0. 0. 0. 0. 0. 0. 0.
 0.004820  0 14.697 0 0. 0. 0. 0. 0. 0. 0. 0. 0.
 0.006967  0 14.597 0 0. 0. 0. 0. 0. 0. 0. 0. 0.
 0.009867  0 14.497 0 0. 0. 0. 0. 0. 0. 0. 0. 0.
 0.013738  0 14.397 0 0. 0. 0. 0. 0. 0. 0. 0. 0.
 0.018852  0 14.297 0 0. 0. 0. 0. 0. 0. 0. 0. 0.
 0.025553  0 14.197 0 0. 0. 0. 0. 0. 0. 0. 0. 0.
 0.034268  0 14.097 0 0. 0. 0. 0. 0. 0. 0. 0. 0.
 0.045515  0 13.997 0 0. 0. 0. 0. 0. 0. 0. 0. 0.
 0.059912  0 13.897 0 0. 0. 0. 0. 0. 0. 0. 0. 0.
 0.078152  0 13.797 0 0. 0. 0. 0. 0. 0. 0. 0. 0.
 0.100945  0 13.697 0 0. 0. 0. 0. 0. 0. 0. 0. 0.
 0.128898  0 13.597 0 0. 0. 0. 0. 0. 0. 0. 0. 0.
 0.162328  0 13.497 0 0. 0. 0. 0. 0. 0. 0. 0. 0.
 0.201047  0 13.397 0 0. 0. 0. 0. 0. 0. 0. 0. 0.
 0.244213  0 13.297 0 0. 0. 0. 0. 0. 0. 0. 0. 0.
 0.290371  0 13.197 0 0. 0. 0. 0. 0. 0. 0. 0. 0.
 0.337729  0 13.097 0 0. 0. 0. 0. 0. 0. 0. 0. 0.
 0.384550  0 12.997 0 0. 0. 0. 0. 0. 0. 0. 0. 0.
 0.429457  0 12.897 0 0. 0. 0. 0. 0. 0. 0. 0. 0.
 0.471569  0 12.797 0 0. 0. 0. 0. 0. 0. 0. 0. 0.
 0.510457  0 12.697 0 0. 0. 0. 0. 0. 0. 0. 0. 0.
 0.546027  0 12.597 0 0. 0. 0. 0. 0. 0. 0. 0. 0.
 0.578398  0 12.497 0 0. 0. 0. 0. 0. 0. 0. 0. 0.
 0.607798  0 12.397 0 0. 0. 0. 0. 0. 0. 0. 0. 0.
 0.634502  0 12.297 0 0. 0. 0. 0. 0. 0. 0. 0. 0.
 0.658791  0 12.197 0 0. 0. 0. 0. 0. 0. 0. 0. 0.
 0.680932  0 12.097 0 0. 0. 0. 0. 0. 0. 0. 0. 0.
 0.701168  0 11.997 0 0. 0. 0. 0. 0. 0. 0. 0. 0.
 0.719716  0 11.897 0 0. 0. 0. 0. 0. 0. 0. 0. 0.
 0.736765  0 11.797 0 0. 0. 0. 0. 0. 0. 0. 0. 0.
 0.752480  0 11.697 0 0. 0. 0. 0. 0. 0. 0. 0. 0.
 0.767006  0 11.597 0 0. 0. 0. 0. 0. 0. 0. 0. 0.
 0.780466  0 11.497 0 0. 0. 0. 0. 0. 0. 0. 0. 0.
 0.792970  0 11.397 0 0. 0. 0. 0. 0. 0. 0. 0. 0.
 0.804610  0 11.297 0 0. 0. 0. 0. 0. 0. 0. 0. 0.
 0.815470  0 11.197 0 0. 0. 0. 0. 0. 0. 0. 0. 0.
 0.825622  0 11.097 0 0. 0. 0. 0. 0. 0. 0. 0. 0.
 0.835128  0 10.997 0 0. 0. 0. 0. 0. 0. 0. 0. 0.
 0.844044  0 10.897 0 0. 0. 0. 0. 0. 0. 0. 0. 0.
 0.852419  0 10.797 0 0. 0. 0. 0. 0. 0. 0. 0. 0.
 0.860297  0 10.697 0 0. 0. 0. 0. 0. 0. 0. 0. 0.
 0.867717  0 10.597 0 0. 0. 0. 0. 0. 0. 0. 0. 0.
 0.874713  0 10.497 0 0. 0. 0. 0. 0. 0. 0. 0. 0.
 0.881317  0 10.397 0 0. 0. 0. 0. 0. 0. 0. 0. 0.
 0.887556  0 10.297 0 0. 0. 0. 0. 0. 0. 0. 0. 0.
 0.893456  0 10.197 0 0. 0. 0. 0. 0. 0. 0. 0. 0.
 0.899039  0 10.097 0 0. 0. 0. 0. 0. 0. 0. 0. 0.
 0.904327  0  9.997 0 0. 0. 0. 0. 0. 0. 0. 0. 0.
 0.909338  0  9.897 0 0. 0. 0. 0. 0. 0. 0. 0. 0.
 0.914090  0  9.797 0 0. 0. 0. 0. 0. 0. 0. 0. 0.
 0.918597  0  9.697 0 0. 0. 0. 0. 0. 0. 0. 0. 0.
 0.922876  0  9.597 0 0. 0. 0. 0. 0. 0. 0. 0. 0.
 0.926938  0  9.497 0 0. 0. 0. 0. 0. 0. 0. 0. 0.
 0.930796  0  9.397 0 0. 0. 0. 0. 0. 0. 0. 0. 0.
 0.934462  0  9.297 0 0. 0. 0. 0. 0. 0. 0. 0. 0.
 0.937946  0  9.197 0 0. 0. 0. 0. 0. 0. 0. 0. 0.
 0.941258  0  9.097 0 0. 0. 0. 0. 0. 0. 0. 0. 0.
 0.944407  0  8.997 0 0. 0. 0. 0. 0. 0. 0. 0. 0.
 0.947401  0  8.897 0 0. 0. 0. 0. 0. 0. 0. 0. 0.
 0.950248  0  8.797 0 0. 0. 0. 0. 0. 0. 0. 0. 0.
 0.952956  0  8.697 0 0. 0. 0. 0. 0. 0. 0. 0. 0.
 0.955531  0  8.597 0 0. 0. 0. 0. 0. 0. 0. 0. 0.
 0.957980  0  8.497 0 0. 0. 0. 0. 0. 0. 0. 0. 0.
 0.960309  0  8.397 0 0. 0. 0. 0. 0. 0. 0. 0. 0.
 0.962524  0  8.297 0 0. 0. 0. 0. 0. 0. 0. 0. 0.
 0.964630  0  8.197 0 0. 0. 0. 0. 0. 0. 0. 0. 0.
 0.966632  0  8.097 0 0. 0. 0. 0. 0. 0. 0. 0. 0.
 0.968535  0  7.997 0 0. 0. 0. 0. 0. 0. 0. 0. 0.
 0.970344  0  7.897 0 0. 0. 0. 0. 0. 0. 0. 0. 0.
 0.972063  0  7.797 0 0. 0. 0. 0. 0. 0. 0. 0. 0.
 0.973696  0  7.697 0 0. 0. 0. 0. 0. 0. 0. 0. 0.
 0.975247  0  7.597 0 0. 0. 0. 0. 0. 0. 0. 0. 0.
 0.976720  0  7.497 0 0. 0. 0. 0. 0. 0. 0. 0. 0.
 0.978117  0  7.397 0 0. 0. 0. 0. 0. 0. 0. 0. 0.
 0.979444  0  7.297 0 0. 0. 0. 0. 0. 0. 0. 0. 0.
 0.980702  0  7.197 0 0. 0. 0. 0. 0. 0. 0. 0. 0.
 0.981895  0  7.097 0 0. 0. 0. 0. 0. 0. 0. 0. 0.
 0.983026  0  6.997 0 0. 0. 0. 0. 0. 0. 0. 0. 0.
 0.984097  0  6.897 0 0. 0. 0. 0. 0. 0. 0. 0. 0.
 0.985112  0  6.797 0 0. 0. 0. 0. 0. 0. 0. 0. 0.
 0.986072  0  6.697 0 0. 0. 0. 0. 0. 0. 0. 0. 0.
 0.986981  0  6.597 0 0. 0. 0. 0. 0. 0. 0. 0. 0.
 0.987840  0  6.497 0 0. 0. 0. 0. 0. 0. 0. 0. 0.
 0.988652  0  6.397 0 0. 0. 0. 0. 0. 0. 0. 0. 0.
 0.989419  0  6.297 0 0. 0. 0. 0. 0. 0. 0. 0. 0.
 0.990143  0  6.197 0 0. 0. 0. 0. 0. 0. 0. 0. 0.
 0.990827  0  6.097 0 0. 0. 0. 0. 0. 0. 0. 0. 0.
 0.991471  0  5.997 0 0. 0. 0. 0. 0. 0. 0. 0. 0.
 0.992077  0  5.897 0 0. 0. 0. 0. 0. 0. 0. 0. 0.
 0.992649  0  5.797 0 0. 0. 0. 0. 0. 0. 0. 0. 0.
 0.993186  0  5.697 0 0. 0. 0. 0. 0. 0. 0. 0. 0.
 0.993692  0  5.597 0 0. 0. 0. 0. 0. 0. 0. 0. 0.
 0.994166  0  5.497 0 0. 0. 0. 0. 0. 0. 0. 0. 0.
 0.994612  0  5.397 0 0. 0. 0. 0. 0. 0. 0. 0. 0.
 0.995029  0  5.297 0 0. 0. 0. 0. 0. 0. 0. 0. 0.
 0.995421  0  5.197 0 0. 0. 0. 0. 0. 0. 0. 0. 0.
 0.995787  0  5.097 0 0. 0. 0. 0. 0. 0. 0. 0. 0.
 0.996129  0  4.997 0 0. 0. 0. 0. 0. 0. 0. 0. 0.
 0.996449  0  4.897 0 0. 0. 0. 0. 0. 0. 0. 0. 0.
 0.996748  0  4.797 0 0. 0. 0. 0. 0. 0. 0. 0. 0.
 0.997026  0  4.697 0 0. 0. 0. 0. 0. 0. 0. 0. 0.
 0.997285  0  4.597 0 0. 0. 0. 0. 0. 0. 0. 0. 0.
 0.997526  0  4.497 0 0. 0. 0. 0. 0. 0. 0. 0. 0.
 0.997750  0  4.397 0 0. 0. 0. 0. 0. 0. 0. 0. 0.
 0.997957  0  4.297 0 0. 0. 0. 0. 0. 0. 0. 0. 0.
 0.998149  0  4.197 0 0. 0. 0. 0. 0. 0. 0. 0. 0.
 0.998327  0  4.097 0 0. 0. 0. 0. 0. 0. 0. 0. 0.
 0.998491  0  3.997 0 0. 0. 0. 0. 0. 0. 0. 0. 0.
 0.998642  0  3.897 0 0. 0. 0. 0. 0. 0. 0. 0. 0.
 0.998781  0  3.797 0 0. 0. 0. 0. 0. 0. 0. 0. 0.
 0.998909  0  3.697 0 0. 0. 0. 0. 0. 0. 0. 0. 0.
 0.999026  0  3.597 0 0. 0. 0. 0. 0. 0. 0. 0. 0.
 0.999133  0  3.497 0 0. 0. 0. 0. 0. 0. 0. 0. 0.
 0.999230  0  3.397 0 0. 0. 0. 0. 0. 0. 0. 0. 0.
 0.999319  0  3.297 0 0. 0. 0. 0. 0. 0. 0. 0. 0.
 0.999400  0  3.197 0 0. 0. 0. 0. 0. 0. 0. 0. 0.
 0.999473  0  3.097 0 0. 0. 0. 0. 0. 0. 0. 0. 0.
 0.999540  0  2.997 0 0. 0. 0. 0. 0. 0. 0. 0. 0.
 0.999599  0  2.897 0 0. 0. 0. 0. 0. 0. 0. 0. 0.
 0.999653  0  2.797 0 0. 0. 0. 0. 0. 0. 0. 0. 0.
 0.999700  0  2.697 0 0. 0. 0. 0. 0. 0. 0. 0. 0.
 0.999743  0  2.597 0 0. 0. 0. 0. 0. 0. 0. 0. 0.
 0.999781  0  2.497 0 0. 0. 0. 0. 0. 0. 0. 0. 0.
 0.999814  0  2.397 0 0. 0. 0. 0. 0. 0. 0. 0. 0.
 0.999844  0  2.297 0 0. 0. 0. 0. 0. 0. 0. 0. 0.
 0.999870  0  2.197 0 0. 0. 0. 0. 0. 0. 0. 0. 0.
 0.999892  0  2.097 0 0. 0. 0. 0. 0. 0. 0. 0. 0.
 0.999911  0  1.997 0 0. 0. 0. 0. 0. 0. 0. 0. 0.
 0.999928  0  1.897 0 0. 0. 0. 0. 0. 0. 0. 0. 0.
 0.999942  0  1.797 0 0. 0. 0. 0. 0. 0. 0. 0. 0.
 0.999954  0  1.697 0 0. 0. 0. 0. 0. 0. 0. 0. 0.
 0.999964  0  1.597 0 0. 0. 0. 0. 0. 0. 0. 0. 0.
 0.999973  0  1.497 0 0. 0. 0. 0. 0. 0. 0. 0. 0.
 0.999979  0  1.397 0 0. 0. 0. 0. 0. 0. 0. 0. 0.
 0.999985  0  1.297 0 0. 0. 0. 0. 0. 0. 0. 0. 0.
 0.999989  0  1.197 0 0. 0. 0. 0. 0. 0. 0. 0. 0.
 0.999992  0  1.097 0 0. 0. 0. 0. 0. 0. 0. 0. 0.
 0.999995  0  0.997 0 0. 0. 0. 0. 0. 0. 0. 0. 0.
 0.999997  0  0.897 0 0. 0. 0. 0. 0. 0. 0. 0. 0.
 0.999998  0  0.797 0 0. 0. 0. 0. 0. 0. 0. 0. 0.
 0.999999  0  0.697 0 0. 0. 0. 0. 0. 0. 0. 0. 0.
 0.999999  0  0.597 0 0. 0. 0. 0. 0. 0. 0. 0. 0.
 1.000001  0  0.497 0 0. 0. 0. 0. 0. 0. 0. 0. 0.

DECAY: 8B
-4  8   0.770
 0.000001  0 16.749 0 0. 0. 0. 0. 0. 0. 0. 0. 0.
 0.000004  0 16.649 0 0. 0. 0. 0. 0. 0. 0. 0. 0.
 0.000015  0 16.549 0 0. 0. 0. 0. 0. 0. 0. 0. 0.
 0.000043  0 16.449 0 0. 0. 0. 0. 0. 0. 0. 0. 0.
 0.000100  0 16.349 0 0. 0. 0. 0. 0. 0. 0. 0. 0.
 0.000207  0 16.249 0 0. 0. 0. 0. 0. 0. 0. 0. 0.
 0.000390  0 16.149 0 0. 0. 0. 0. 0. 0. 0. 0. 0.
 0.000684  0 16.049 0 0. 0. 0. 0. 0. 0. 0. 0. 0.
 0.001133  0 15.949 0 0. 0. 0. 0. 0. 0. 0. 0. 0.
 0.001796  0 15.849 0 0. 0. 0. 0. 0. 0. 0. 0. 0.
 0.002745  0 15.749 0 0. 0. 0. 0. 0. 0. 0. 0. 0.
 0.004074  0 15.649 0 0. 0. 0. 0. 0. 0. 0. 0. 0.
 0.005900  0 15.549 0 0. 0. 0. 0. 0. 0. 0. 0. 0.
 0.008371  0 15.449 0 0. 0. 0. 0. 0. 0. 0. 0. 0.
 0.011676  0 15.349 0 0. 0. 0. 0. 0. 0. 0. 0. 0.
 0.016053  0 15.249 0 0. 0. 0. 0. 0. 0. 0. 0. 0.
 0.021802  0 15.149 0 0. 0. 0. 0. 0. 0. 0. 0. 0.
 0.029299  0 15.049 0 0. 0. 0. 0. 0. 0. 0. 0. 0.
 0.039010  0 14.949 0 0. 0. 0. 0. 0. 0. 0. 0. 0.
 0.051497  0 14.849 0 0. 0. 0. 0. 0. 0. 0. 0. 0.
 0.067411  0 14.749 0 0. 0. 0. 0. 0. 0. 0. 0. 0.
 0.087451  0 14.649 0 0. 0. 0. 0. 0. 0. 0. 0. 0.
 0.112277  0 14.549 0 0. 0. 0. 0. 0. 0. 0. 0. 0.
 0.142348  0 14.449 0 0. 0. 0. 0. 0. 0. 0. 0. 0.
 0.177713  0 14.349 0 0. 0. 0. 0. 0. 0. 0. 0. 0.
 0.217817  0 14.249 0 0. 0. 0. 0. 0. 0. 0. 0. 0.
 0.261457  0 14.149 0 0. 0. 0. 0. 0. 0. 0. 0. 0.
 0.306969  0 14.049 0 0. 0. 0. 0. 0. 0. 0. 0. 0.
 0.352596  0 13.949 0 0. 0. 0. 0. 0. 0. 0. 0. 0.
 0.396843  0 13.849 0 0. 0. 0. 0. 0. 0. 0. 0. 0.
 0.438671  0 13.749 0 0. 0. 0. 0. 0. 0. 0. 0. 0.
 0.477515  0 13.649 0 0. 0. 0. 0. 0. 0. 0. 0. 0.
 0.513183  0 13.549 0 0. 0. 0. 0. 0. 0. 0. 0. 0.
 0.545728  0 13.449 0 0. 0. 0. 0. 0. 0. 0. 0. 0.
 0.575343  0 13.349 0 0. 0. 0. 0. 0. 0. 0. 0. 0.
 0.602283  0 13.249 0 0. 0. 0. 0. 0. 0. 0. 0. 0.
 0.626819  0 13.149 0 0. 0. 0. 0. 0. 0. 0. 0. 0.
 0.649215  0 13.049 0 0. 0. 0. 0. 0. 0. 0. 0. 0.
 0.669712  0 12.949 0 0. 0. 0. 0. 0. 0. 0. 0. 0.
 0.688527  0 12.849 0 0. 0. 0. 0. 0. 0. 0. 0. 0.
 0.705850  0 12.749 0 0. 0. 0. 0. 0. 0. 0. 0. 0.
 0.721848  0 12.649 0 0. 0. 0. 0. 0. 0. 0. 0. 0.
 0.736666  0 12.549 0 0. 0. 0. 0. 0. 0. 0. 0. 0.
 0.750427  0 12.449 0 0. 0. 0. 0. 0. 0. 0. 0. 0.
 0.763241  0 12.349 0 0. 0. 0. 0. 0. 0. 0. 0. 0.
 0.775202  0 12.249 0 0. 0. 0. 0. 0. 0. 0. 0. 0.
 0.786392  0 12.149 0 0. 0. 0. 0. 0. 0. 0. 0. 0.
 0.796882  0 12.049 0 0. 0. 0. 0. 0. 0. 0. 0. 0.
 0.806737  0 11.949 0 0. 0. 0. 0. 0. 0. 0. 0. 0.
 0.816010  0 11.849 0 0. 0. 0. 0. 0. 0. 0. 0. 0.
 0.824752  0 11.749 0 0. 0. 0. 0. 0. 0. 0. 0. 0.
 0.833004  0 11.649 0 0. 0. 0. 0. 0. 0. 0. 0. 0.
 0.840805  0 11.549 0 0. 0. 0. 0. 0. 0. 0. 0. 0.
 0.848191  0 11.449 0 0. 0. 0. 0. 0. 0. 0. 0. 0.
 0.855190  0 11.349 0 0. 0. 0. 0. 0. 0. 0. 0. 0.
 0.861831  0 11.249 0 0. 0. 0. 0. 0. 0. 0. 0. 0.
 0.868139  0 11.149 0 0. 0. 0. 0. 0. 0. 0. 0. 0.
 0.874136  0 11.049 0 0. 0. 0. 0. 0. 0. 0. 0. 0.
 0.879841  0 10.949 0 0. 0. 0. 0. 0. 0. 0. 0. 0.
 0.885275  0 10.849 0 0. 0. 0. 0. 0. 0. 0. 0. 0.
 0.890453  0 10.749 0 0. 0. 0. 0. 0. 0. 0. 0. 0.

 0.895390  0 10.649 0 0. 0. 0. 0. 0. 0. 0. 0. 0.
 0.900101  0 10.549 0 0. 0. 0. 0. 0. 0. 0. 0. 0.
 0.904598  0 10.449 0 0. 0. 0. 0. 0. 0. 0. 0. 0.
 0.908894  0 10.349 0 0. 0. 0. 0. 0. 0. 0. 0. 0.
 0.912999  0 10.249 0 0. 0. 0. 0. 0. 0. 0. 0. 0.
 0.916924  0 10.149 0 0. 0. 0. 0. 0. 0. 0. 0. 0.
 0.920677  0 10.049 0 0. 0. 0. 0. 0. 0. 0. 0. 0.
 0.924268  0  9.949 0 0. 0. 0. 0. 0. 0. 0. 0. 0.
 0.927705  0  9.849 0 0. 0. 0. 0. 0. 0. 0. 0. 0.
 0.930994  0  9.749 0 0. 0. 0. 0. 0. 0. 0. 0. 0.
 0.934143  0  9.649 0 0. 0. 0. 0. 0. 0. 0. 0. 0.
 0.937160  0  9.549 0 0. 0. 0. 0. 0. 0. 0. 0. 0.
 0.940048  0  9.449 0 0. 0. 0. 0. 0. 0. 0. 0. 0.
 0.942816  0  9.349 0 0. 0. 0. 0. 0. 0. 0. 0. 0.
 0.945467  0  9.249 0 0. 0. 0. 0. 0. 0. 0. 0. 0.
 0.948007  0  9.149 0 0. 0. 0. 0. 0. 0. 0. 0. 0.
 0.950441  0  9.049 0 0. 0. 0. 0. 0. 0. 0. 0. 0.
 0.952773  0  8.949 0 0. 0. 0. 0. 0. 0. 0. 0. 0.
 0.955008  0  8.849 0 0. 0. 0. 0. 0. 0. 0. 0. 0.
 0.957150  0  8.749 0 0. 0. 0. 0. 0. 0. 0. 0. 0.
 0.959202  0  8.649 0 0. 0. 0. 0. 0. 0. 0. 0. 0.
 0.961168  0  8.549 0 0. 0. 0. 0. 0. 0. 0. 0. 0.
 0.963052  0  8.449 0 0. 0. 0. 0. 0. 0. 0. 0. 0.
 0.964857  0  8.349 0 0. 0. 0. 0. 0. 0. 0. 0. 0.
 0.966586  0  8.249 0 0. 0. 0. 0. 0. 0. 0. 0. 0.
 0.968241  0  8.149 0 0. 0. 0. 0. 0. 0. 0. 0. 0.
 0.969827  0  8.049 0 0. 0. 0. 0. 0. 0. 0. 0. 0.
 0.971345  0  7.949 0 0. 0. 0. 0. 0. 0. 0. 0. 0.
 0.972799  0  7.849 0 0. 0. 0. 0. 0. 0. 0. 0. 0.
 0.974190  0  7.749 0 0. 0. 0. 0. 0. 0. 0. 0. 0.
 0.975521  0  7.649 0 0. 0. 0. 0. 0. 0. 0. 0. 0.
 0.976794  0  7.549 0 0. 0. 0. 0. 0. 0. 0. 0. 0.
 0.978012  0  7.449 0 0. 0. 0. 0. 0. 0. 0. 0. 0.
 0.979177  0  7.349 0 0. 0. 0. 0. 0. 0. 0. 0. 0.
 0.980290  0  7.249 0 0. 0. 0. 0. 0. 0. 0. 0. 0.
 0.981354  0  7.149 0 0. 0. 0. 0. 0. 0. 0. 0. 0.
 0.982370  0  7.049 0 0. 0. 0. 0. 0. 0. 0. 0. 0.
 0.983340  0  6.949 0 0. 0. 0. 0. 0. 0. 0. 0. 0.
 0.984267  0  6.849 0 0. 0. 0. 0. 0. 0. 0. 0. 0.
 0.985151  0  6.749 0 0. 0. 0. 0. 0. 0. 0. 0. 0.
 0.985994  0  6.649 0 0. 0. 0. 0. 0. 0. 0. 0. 0.
 0.986798  0  6.549 0 0. 0. 0. 0. 0. 0. 0. 0. 0.
 0.987564  0  6.449 0 0. 0. 0. 0. 0. 0. 0. 0. 0.
 0.988294  0  6.349 0 0. 0. 0. 0. 0. 0. 0. 0. 0.
 0.988989  0  6.249 0 0. 0. 0. 0. 0. 0. 0. 0. 0.
 0.989650  0  6.149 0 0. 0. 0. 0. 0. 0. 0. 0. 0.
 0.990279  0  6.049 0 0. 0. 0. 0. 0. 0. 0. 0. 0.
 0.990877  0  5.949 0 0. 0. 0. 0. 0. 0. 0. 0. 0.
 0.991445  0  5.849 0 0. 0. 0. 0. 0. 0. 0. 0. 0.
 0.991985  0  5.749 0 0. 0. 0. 0. 0. 0. 0. 0. 0.
 0.992497  0  5.649 0 0. 0. 0. 0. 0. 0. 0. 0. 0.
 0.992983  0  5.549 0 0. 0. 0. 0. 0. 0. 0. 0. 0.
 0.993444  0  5.449 0 0. 0. 0. 0. 0. 0. 0. 0. 0.
 0.993880  0  5.349 0 0. 0. 0. 0. 0. 0. 0. 0. 0.
 0.994293  0  5.249 0 0. 0. 0. 0. 0. 0. 0. 0. 0.
 0.994683  0  5.149 0 0. 0. 0. 0. 0. 0. 0. 0. 0.
 0.995052  0  5.049 0 0. 0. 0. 0. 0. 0. 0. 0. 0.
 0.995401  0  4.949 0 0. 0. 0. 0. 0. 0. 0. 0. 0.
 0.995730  0  4.849 0 0. 0. 0. 0. 0. 0. 0. 0. 0.
 0.996040  0  4.749 0 0. 0. 0. 0. 0. 0. 0. 0. 0.
 0.996332  0  4.649 0 0. 0. 0. 0. 0. 0. 0. 0. 0.
 0.996607  0  4.549 0 0. 0. 0. 0. 0. 0. 0. 0. 0.
 0.996865  0  4.449 0 0. 0. 0. 0. 0. 0. 0. 0. 0.
 0.997108  0  4.349 0 0. 0. 0. 0. 0. 0. 0. 0. 0.
 0.997336  0  4.249 0 0. 0. 0. 0. 0. 0. 0. 0. 0.
 0.997550  0  4.149 0 0. 0. 0. 0. 0. 0. 0. 0. 0.
 0.997749  0  4.049 0 0. 0. 0. 0. 0. 0. 0. 0. 0.
 0.997936  0  3.949 0 0. 0. 0. 0. 0. 0. 0. 0. 0.
 0.998111  0  3.849 0 0. 0. 0. 0. 0. 0. 0. 0. 0.
 0.998274  0  3.749 0 0. 0. 0. 0. 0. 0. 0. 0. 0.
 0.998426  0  3.649 0 0. 0. 0. 0. 0. 0. 0. 0. 0.
 0.998567  0  3.549 0 0. 0. 0. 0. 0. 0. 0. 0. 0.
 0.998698  0  3.449 0 0. 0. 0. 0. 0. 0. 0. 0. 0.
 0.998820  0  3.349 0 0. 0. 0. 0. 0. 0. 0. 0. 0.
 0.998932  0  3.249 0 0. 0. 0. 0. 0. 0. 0. 0. 0.
 0.999036  0  3.149 0 0. 0. 0. 0. 0. 0. 0. 0. 0.
 0.999132  0  3.049 0 0. 0. 0. 0. 0. 0. 0. 0. 0.
 0.999220  0  2.949 0 0. 0. 0. 0. 0. 0. 0. 0. 0.
 0.999302  0  2.849 0 0. 0. 0. 0. 0. 0. 0. 0. 0.
 0.999376  0  2.749 0 0. 0. 0. 0. 0. 0. 0. 0. 0.
 0.999444  0  2.649 0 0. 0. 0. 0. 0. 0. 0. 0. 0.
 0.999506  0  2.549 0 0. 0. 0. 0. 0. 0. 0. 0. 0.
 0.999563  0  2.449 0 0. 0. 0. 0. 0. 0. 0. 0. 0.
 0.999614  0  2.349 0 0. 0. 0. 0. 0. 0. 0. 0. 0.
 0.999661  0  2.249 0 0. 0. 0. 0. 0. 0. 0. 0. 0.
 0.999703  0  2.149 0 0. 0. 0. 0. 0. 0. 0. 0. 0.
 0.999741  0  2.049 0 0. 0. 0. 0. 0. 0. 0. 0. 0.
 0.999774  0  1.949 0 0. 0. 0. 0. 0. 0. 0. 0. 0.
 0.999805  0  1.849 0 0. 0. 0. 0. 0. 0. 0. 0. 0.
 0.999832  0  1.749 0 0. 0. 0. 0. 0. 0. 0. 0. 0.
 0.999855  0  1.649 0 0. 0. 0. 0. 0. 0. 0. 0. 0.
 0.999876  0  1.549 0 0. 0. 0. 0. 0. 0. 0. 0. 0.
 0.999895  0  1.449 0 0. 0. 0. 0. 0. 0. 0. 0. 0.
 0.999911  0  1.349 0 0. 0. 0. 0. 0. 0. 0. 0. 0.
 0.999925  0  1.249 0 0. 0. 0. 0. 0. 0. 0. 0. 0.
 0.999937  0  1.149 0 0. 0. 0. 0. 0. 0. 0. 0. 0.
 0.999947  0  1.049 0 0. 0. 0. 0. 0. 0. 0. 0. 0.
 0.999956  0  0.949 0 0. 0. 0. 0. 0. 0. 0. 0. 0.
 0.999964  0  0.849 0 0. 0. 0. 0. 0. 0. 0. 0. 0.
 0.999970  0  0.749 0 0. 0. 0. 0. 0. 0. 0. 0. 0.
 0.999976  0  0.649 0 0. 0. 0. 0. 0. 0. 0. 0. 0.
 0.999981  0  0.549 0 0. 0. 0. 0. 0. 0. 0. 0. 0.
 0.999987  0  0.449 0 0. 0. 0. 0. 0. 0. 0. 0. 0.
 0.999999  0  0.349 0 0. 0. 0. 0. 0. 0. 0. 0. 0.
 1.000001  0  0.249 0 0. 0. 0. 0. 0. 0. 0. 0. 0.

DECAY: 228Ac
90  228   2.214e+04
0.12713   0  2.0792 1 0.0578 0.     0.     0.     0.     0. 0. 0. 0.
0.23526   1  1.7409 2 0.3383 0.0578 0.     0.     0.     0. 0. 0. 0.
0.27460   1  1.7409 3 0.2093 0.1290 0.0578 0.     0.     0. 0. 0. 0.
0.42154   0  1.1680 1 0.9690 0.     0.     0.     0.     0. 0. 0. 0.
0.66404   0  1.1680 2 0.9112 0.0578 0.     0.     0.     0. 0. 0. 0.
0.66870   0  1.1680 3 0.7821 0.1291 0.0578 0.     0.     0. 0. 0. 0.
0.69739   0  1.1145 2 0.9647 0.0578 0.     0.     0.     0. 0. 0. 0.
0.70684   0  1.1145 3 0.8357 0.1290 0.0578 0.     0.     0. 0. 0. 0.
0.70846   1  1.0140 2 1.0652 0.0578 0.     0.     0.     0. 0. 0. 0.
0.76094   1  1.0140 3 0.7950 0.2702 0.0578 0.     0.     0. 0. 0. 0.
0.76866   1  1.0140 4 0.7269 0.2093 0.1290 0.0578 0.     0. 0. 0. 0.
0.77005   1  1.0140 3 0.1004 0.9648 0.0578 0.     0.     0. 0. 0. 0.
0.77050   1  1.0140 4 0.1004 0.8357 0.1291 0.0578 0.     0. 0. 0. 0.
0.77435   1  1.0140 2 0.1540 0.9690 0.     0.     0.     0. 0. 0. 0.
0.78070   1  1.0140 3 0.1540 0.9112 0.0578 0.     0.     0. 0. 0. 0.
0.78083   1  1.0140 4 0.1540 0.7821 0.1291 0.0578 0.     0. 0. 0. 0.
0.78262   0  0.9835 1 1.1535 0.     0.     0.     0.     0. 0. 0. 0.
0.78430   0  0.9835 2 1.0957 0.0578 0.     0.     0.     0. 0. 0. 0.
0.78529   0  0.9835 3 0.3216 0.7741 0.0578 0.     0.     0. 0. 0. 0.
0.78763   0  0.9835 4 0.3216 0.5038 0.2703 0.0578 0.     0. 0. 0. 0.
0.78798   0  0.9835 2 0.2790 0.8745 0.     0.     0.     0. 0. 0. 0.
0.78820   0  0.9835 3 0.2790 0.8167 0.0578 0.     0.     0. 0. 0. 0.
0.78867   0  0.9835 4 0.2790 0.6876 0.1291 0.0578 0.     0. 0. 0. 0.
0.78934   0  0.9835 4 0.2790 0.5465 0.3280 0.     0.     0. 0. 0. 0.
0.79013   0  0.9835 4 0.2790 0.5465 0.2702 0.0578 0.     0. 0. 0. 0.
0.79123   0  0.9835 4 0.2790 0.4783 0.3384 0.0578 0.     0. 0. 0. 0.
0.79163   0  0.9835 5 0.2790 0.4783 0.2093 0.1291 0.0578 0. 0. 0. 0.
0.81354   0  0.9835 2 0.1845 0.9690 0.     0.     0.     0. 0. 0. 0.
0.84971   0  0.9835 3 0.1845 0.9112 0.0578 0.     0.     0. 0. 0. 0.
0.85039   0  0.9835 4 0.1845 0.7821 0.1291 0.0578 0.     0. 0. 0. 0.
0.85058   0  0.9835 2 0.1740 0.9795 0.     0.     0.     0. 0. 0. 0.
0.85067   0  0.9835 3 0.1740 0.9217 0.0578 0.     0.     0. 0. 0. 0.
0.85095   0  0.9835 3 0.1740 0.6515 0.3280 0.     0.     0. 0. 0. 0.
0.85128   0  0.9835 4 0.1740 0.6515 0.2702 0.0578 0.     0. 0. 0. 0.
0.85183   0  0.9835 4 0.1740 0.5834 0.3383 0.0578 0.     0. 0. 0. 0.
0.85202   0  0.9835 5 0.1740 0.5834 0.2093 0.1290 0.0578 0. 0. 0. 0.
0.85581   1  0.9686 2 1.1106 0.0578 0.     0.     0.     0. 0. 0. 0.
0.86108   1  0.9686 2 0.8404 0.3280 0.     0.     0.     0. 0. 0. 0.
0.86729   1  0.9686 3 0.8404 0.2702 0.0578 0.     0.     0. 0. 0. 0.
0.88094   1  0.9686 3 0.7723 0.3383 0.0578 0.     0.     0. 0. 0. 0.
0.88590   1  0.9686 4 0.7723 0.2093 0.1290 0.0578 0.     0. 0. 0. 0.
0.88633   1  0.9686 4 0.6492 0.3324 0.1290 0.0578 0.     0. 0. 0. 0.
0.88641   1  0.9686 5 0.6492 0.1410 0.1913 0.1291 0.0578 0. 0. 0. 0.
0.88801   1  0.9686 2 0.1994 0.9690 0.     0.     0.     0. 0. 0. 0.
0.89066   1  0.9686 3 0.1994 0.9112 0.0578 0.     0.     0. 0. 0. 0.
0.89071   1  0.9686 4 0.1994 0.7821 0.1291 0.0578 0.     0. 0. 0. 0.
0.89516   1  0.9686 3 0.1458 0.9648 0.0578 0.     0.     0. 0. 0. 0.
0.89663   1  0.9686 4 0.1458 0.8357 0.1291 0.0578 0.     0. 0. 0. 0.
0.89672   1  0.9686 3 0.0773 1.0333 0.0578 0.     0.     0. 0. 0. 0.
0.89702   1  0.9686 3 0.0773 0.9042 0.1291 0.0578 0.     0. 0. 0. 0.
0.89714   0  0.6055 3 1.3446 0.1291 0.0578 0.     0.     0. 0. 0. 0.
0.89724   0  0.6055 3 1.1354 0.3383 0.0578 0.     0.     0. 0. 0. 0.
0.89727   0  0.6055 4 1.1354 0.2093 0.1290 0.0578 0.     0. 0. 0. 0.
0.90198   0  0.6055 2 0.5625 0.9690 0.     0.     0.     0. 0. 0. 0.
0.90973   0  0.6055 3 0.5625 0.9112 0.0578 0.     0.     0. 0. 0. 0.
0.90987   0  0.6055 4 0.5625 0.7821 0.1291 0.0578 0.     0. 0. 0. 0.
0.91393   0  0.6055 3 0.5089 0.9648 0.0578 0.     0.     0. 0. 0. 0.
0.91555   0  0.6055 4 0.5089 0.8357 0.1291 0.0578 0.     0. 0. 0. 0.
0.91599   0  0.6055 3 0.4404 1.0333 0.0578 0.     0.     0. 0. 0. 0.
0.91763   0  0.6055 4 0.4404 0.9042 0.1291 0.0578 0.     0. 0. 0. 0.
0.91778   0  0.6055 3 0.0995 1.3742 0.0578 0.     0.     0. 0. 0. 0.
0.91888   0  0.6055 4 0.0995 1.2451 0.1291 0.0578 0.     0. 0. 0. 0.
0.91895   0  0.6055 3 0.0995 1.1040 0.3280 0.     0.     0. 0. 0. 0.
0.91905   0  0.6055 4 0.0995 1.1040 0.2702 0.0578 0.     0. 0. 0. 0.
0.93848   0  0.6055 3 0.0995 0.4630 0.9690 0.     0.     0. 0. 0. 0.
0.97055   0  0.6055 4 0.0995 0.4630 0.9112 0.0578 0.     0. 0. 0. 0.
0.97117   0  0.6055 5 0.0995 0.4630 0.7821 0.1291 0.0578 0. 0. 0. 0.
0.97118   0  0.6055 3 0.0995 0.4525 0.9795 0.     0.     0. 0. 0. 0.
0.97120   0  0.6055 4 0.0995 0.4525 0.9217 0.0578 0.     0. 0. 0. 0.
0.97123   0  0.6055 4 0.0995 0.4525 0.6515 0.3280 0.     0. 0. 0. 0.
0.97127   0  0.6055 5 0.0995 0.4525 0.6515 0.2702 0.0578 0. 0. 0. 0.
0.97135   0  0.6055 5 0.0995 0.4525 0.5834 0.3383 0.0578 0. 0. 0. 0.
0.97137   0  0.6055 6 0.0995 0.4525 0.5834 0.2093 0.1290 0.0578 0. 0. 0.
0.98900   0  0.6055 4 0.0995 0.4094 0.9648 0.0578 0.     0.     0. 0. 0.
0.99492   0  0.6055 5 0.0995 0.4094 0.8357 0.1291 0.0578 0.     0. 0. 0.
0.99589   0  0.6055 4 0.0995 0.3410 1.0332 0.0578 0.     0.     0. 0. 0.
1.0001    0  0.6055 5 0.0995 0.3410 0.9042 0.1290 0.0578 0.     0. 0. 0.

DECAY: 11Be
4 11    13.81
0.55045  0  11.509  0 0.     0.     0. 0. 0. 0. 0. 0. 0.
0.86071  0   9.384  1 2.125  0.     0. 0. 0. 0. 0. 0. 0.
0.86125  0   7.064  1 4.445  0.     0. 0. 0. 0. 0. 0. 0.
0.86363  0   6.489  1 5.020  0.     0. 0. 0. 0. 0. 0. 0.
0.86405  0   6.489  2 2.895  2.125  0. 0. 0. 0. 0. 0. 0.
0.90828  0   4.717  1 6.792  0.     0. 0. 0. 0. 0. 0. 0.
0.92650  0   4.717  2 4.667  2.125  0. 0. 0. 0. 0. 0. 0.
0.92910  0   4.717  2 1.772  5.020  0. 0. 0. 0. 0. 0. 0.
0.94792  0   3.531  1 7.978  0.     0. 0. 0. 0. 0. 0. 0.
0.96873  0   3.531  2 5.853  2.125  0. 0. 0. 0. 0. 0. 0.
0.96907  0   3.531  2 0.692  7.286  0. 0. 0. 0. 0. 0. 0.
1.0001   0   1.634  0 0.     0.     0. 0. 0. 0. 0. 0. 0.

DECAY: 3H
1 3    3.891e+08
1.0001   0   0.0186  0  0.0000 0.0000 0.0000 0.     0.     0. 0. 0. 0.

.# Set up structure for Alpha Decays

ALPHA: 1User
132 304 1e4
1.0001   0   6.0000  0  0.0000 0.0000 0.0000 0.     0.     0. 0. 0. 0.

ALPHA: 238U
90  234    1.410e+17
0.7700   0   4.1960  0  0.0000 0.0000 0.0000 0.     0.     0. 0. 0. 0.
1.0001   0   4.1490  1  0.0500 0.0000 0.0000 0.     0.     0. 0. 0. 0.

ALPHA: 234U
90  230    7.747e+12
0.7200   0   4.7770  0  0.0000 0.0000 0.0000 0.     0.     0. 0. 0. 0.
1.0001   0   4.7230  1  0.0530 0.0000 0.0000 0.     0.     0. 0. 0. 0.

ALPHA: 230Th
88  226    2.379e+12
0.7630   0   4.6880  0  0.0000 0.0000 0.0000 0.     0.     0. 0. 0. 0.
1.0001   0   4.6210  1  0.0670 0.0000 0.0000 0.     0.     0. 0. 0. 0.

ALPHA: 226Ra
86  222    5.049e+10
0.9450   0   4.7840  0  0.0000 0.0000 0.0000 0.     0.     0. 0. 0. 0.
1.0001   0   4.6020  1  0.1860 0.0000 0.0000 0.     0.     0. 0. 0. 0.

ALPHA: 222Rn
84  218    1.376e+04
1.0001   0   5.4900  0  0.0000 0.0000 0.0000 0.     0.     0. 0. 0. 0.

ALPHA: 218Po
82  214    186.     
1.0001   0   6.0020  0  0.0000 0.0000 0.0000 0.     0.     0. 0. 0. 0.

ALPHA: 214Po
82  210    1.643e-04
1.0001   0   7.6870  0  0.0000 0.0000 0.0000 0.     0.     0. 0. 0. 0.

ALPHA: 210Po
82  210    1.195e+07
1.0001   0   5.3050  0  0.0000 0.0000 0.0000 0.     0.     0. 0. 0. 0.

ALPHA: 214Bi
81  210    1194.    
1.0001   0   4.5640  0  0.0000 0.0000 0.0000 0.     0.     0. 0. 0. 0.

ALPHA: 232Th
88  228    4.434e+17   
0.7700   0   4.0110  0  0.0000 0.0000 0.0000 0.     0.     0. 0. 0. 0.
1.0001   0   3.9570  1  0.0590 0.0000 0.0000 0.     0.     0. 0. 0. 0.

ALPHA: 228Th
88  224    6.033e+07   
0.7270   0   5.4230  0  0.0000 0.0000 0.0000 0.     0.     0. 0. 0. 0.
1.0001   0   5.3400  1  0.0850 0.0000 0.0000 0.     0.     0. 0. 0. 0.

ALPHA: 224Ra
86  220    3.162e+05   
0.9500   0   5.6860  0  0.0000 0.0000 0.0000 0.     0.     0. 0. 0. 0.
1.0001   0   5.4490  1  0.2410 0.0000 0.0000 0.     0.     0. 0. 0. 0.

ALPHA: 220Rn
84  216    55.6
1.0001   0   6.2880  0  0.0000 0.0000 0.0000 0.     0.     0. 0. 0. 0.

ALPHA: 216Po
82  212    0.145
1.0001   0   6.7780  0  0.0000 0.0000 0.0000 0.     0.     0. 0. 0. 0.

ALPHA: 212Po
82  208    2.99e-07
1.0001   0   8.7850  0  0.0000 0.0000 0.0000 0.     0.     0. 0. 0. 0.

ALPHA: 212Bi
81  208    2.179e+05
0.2720   0   6.0900  0  0.0000 0.0000 0.0000 0.     0.     0. 0. 0. 0.
1.0001   0   6.0510  1  0.0400 0.0000 0.0000 0.     0.     0. 0. 0. 0.


END

